$ANSIBLE_VAULT;1.1;AES256
63333164343135336264323035393933373936616435316262326537656433306430656264646330
6536373763623830653139633161643134616435633930640a373762316634383535356339346538
66626362306663343537626265636366316431396330366437333039623936343430366433323532
3532366664616238610a353431356338373135373863336138396332343161363138366364313138
37393630373134646337663935323165646139656234666266383763303665666430626536376663
62346664643064353166306366613739633661376661636563313866613632663533363866303264
34303131656666663436383333363061366166646438653866336330643031653461613139623637
37363063313133396438393563613366666536343561373033353539613064616161393137623631
31623961336464313931323434616436643732633838356535366530656461363937363832636465
33366432383832303064393733343533333839376337393131656239383563343765656135613538
64306366653966396236646433643764336564366438323462343937313564393364616563373262
34323661333465323463646134383738393864623066393263363765636338393735613261383033
39373166623333393933326137306533303331303061653065663365316636343933363664626463
30306336653063643036323839646439303465363961383139306365393565643238653832656435
32376662646665313265386265616330373665363739306563666263366363363634373162373336
66316264626563396238663237366634343764333634326564313963633865333434663634363739
61656238386434333634303233393065636535393539303330306464613735613165393330643939
33373963306664303861346437613539383734623831313961626564333331323361643935343432
66626636336363636362313164343864383666323330663065613031353831666635336665396132
61313738616337336334323466333331633136616166373962326664386266663364333237323630
31386132356364303831323837663866383736623662663034353133343837353465656332663131
32313330653864353964326531623735323839646166333432633537346166346532633861343463
38333466363232363866373632343565643263356666396366643930376362613232663233643139
62306232643935383832353761333861616137363134353431306363663230363835376433613232
36373133663136666130333237346563373061376531343065646638303638373130653239316235
35646264633632343737353633636430373531343339666430363535323166613039356232643963
64373636653831656339346363663630363734663634353166346134653537363738316536373034
35316563393732346466323464396466346631613464393632306532326532636366653231643131
39393431376330343635333236373430373064323034356163616632386431383164653531373662
61663838656433306165336462623230393465333734326634346330373935623665663934346238
39356239613862663037306565653262346530376136656430393061343638336566613930363239
39326630383935613032353537663464353335656430326135303536323630373164363135303038
35653632393263613365316338303830663634633736383234646330316163323737643137666536
64393936343437666137613064306439343233316338646133623764623934383330663338363231
63353461396139396531623964643137366633623831306535623837623537393933613733373966
32396631616664656636323934386530323738386263653336656537643538393231356464356461
62313764643134636533323631373061626631666666303462663131303333616537343432616661
66633437366130666539383736376663623530656130333039663539663061396533323332343339
65623930313033656464393637663330396665373635616634663963636635643161303332653038
34303539313966616333
